13
-6.922019 107.604031 A
-6.920773 107.604115 B
-6.922231 107.605329 C
-6.920906 107.605070 D
-6.923253 107.605288 E
-6.923342 107.606328 F
-6.922362 107.606395 G
-6.922507 107.607622 H
-6.921202 107.607710 I
-6.921058 107.606456 J
-6.921224 107.608059 K
-6.920178 107.608205 L
-6.919983 107.606598 M
0 138 145 0 0 0 0 0 0 0 0 0 0
138 0 0 107 0 0 0 0 0 0 0 0 0
145 0 0 0 113 0 119 0 0 0 0 0 0
0 107 0 0 0 0 0 0 0 154 0 0 0
0 0 113 0 0 116 0 0 0 0 0 0 0
0 0 0 0 116 0 109 0 0 0 0 0 0
0 0 119 0 0 109 0 136 0 0 0 0 0
0 0 0 0 0 0 136 0 144 0 0 0 0
0 0 0 0 0 0 0 144 0 139 38 0 0
0 0 0 154 0 0 0 0 139 0 0 0 120
0 0 0 0 0 0 0 0 38 0 0 118 0
0 0 0 0 0 0 0 0 0 0 118 0 179
0 0 0 0 0 0 0 0 0 120 0 179 0